-2.6489e+07,1.4445e+08,-4761.7
-2.9057e+07,1.4396e+08,-4615.4
-3.1616e+07,1.4341e+08,-4472.2
-3.4165e+07,1.4283e+08,-4338
-3.6703e+07,1.422e+08,-4217.6
-3.9231e+07,1.4152e+08,-4115.1
-4.1746e+07,1.408e+08,-4033.2
-4.4248e+07,1.4004e+08,-3973
-4.6737e+07,1.3923e+08,-3934.1
-4.9212e+07,1.3838e+08,-3914.5
-5.1671e+07,1.3749e+08,-3911.1
-5.4115e+07,1.3655e+08,-3919.7
-5.6541e+07,1.3557e+08,-3935.5
-5.895e+07,1.3455e+08,-3953.3
-6.134e+07,1.3348e+08,-3967.7
-6.3711e+07,1.3238e+08,-3974
-6.6063e+07,1.3123e+08,-3967.8
-6.8393e+07,1.3004e+08,-3945.4
-7.0702e+07,1.2881e+08,-3904
-7.2988e+07,1.2754e+08,-3841.3
-7.5252e+07,1.2624e+08,-3756.2
-7.7492e+07,1.2489e+08,-3648.1
-7.9708e+07,1.235e+08,-3517.2
-8.1899e+07,1.2208e+08,-3364.4
-8.4064e+07,1.2061e+08,-3191.6
-8.6203e+07,1.1911e+08,-3001.4
-8.8315e+07,1.1758e+08,-2797.2
-9.0399e+07,1.16e+08,-2583.6
-9.2456e+07,1.1439e+08,-2365.7
-9.4484e+07,1.1275e+08,-2149.4
-9.6483e+07,1.1107e+08,-1940.6
-9.8452e+07,1.0936e+08,-1745
-1.0039e+08,1.0761e+08,-1567.2
-1.023e+08,1.0583e+08,-1410.6
-1.0418e+08,1.0402e+08,-1276.6
-1.0602e+08,1.0217e+08,-1165
-1.0783e+08,1.003e+08,-1074.2
-1.0961e+08,9.8388e+07,-1000.9
-1.1136e+08,9.6449e+07,-941.12
-1.1307e+08,9.4481e+07,-890.23
-1.1474e+08,9.2482e+07,-843.24
-1.1638e+08,9.0455e+07,-795.18
-1.1799e+08,8.84e+07,-741.27
-1.1956e+08,8.6318e+07,-677.22
-1.2109e+08,8.4209e+07,-599.29
-1.2258e+08,8.2073e+07,-504.45
-1.2404e+08,7.9913e+07,-390.47
-1.2545e+08,7.7728e+07,-255.89
-1.2683e+08,7.5519e+07,-100.05
-1.2817e+08,7.3287e+07,76.927
-1.2947e+08,7.1032e+07,274.18
-1.3073e+08,6.8756e+07,490.09
-1.3195e+08,6.6459e+07,722.32
-1.3313e+08,6.4142e+07,967.72
-1.3427e+08,6.1805e+07,1222.4
-1.3537e+08,5.945e+07,1481.7
-1.3643e+08,5.7076e+07,1740.3
-1.3744e+08,5.4686e+07,1992.5
-1.3841e+08,5.2279e+07,2232.5
-1.3935e+08,4.9856e+07,2455.2
-1.4023e+08,4.7418e+07,2656.4
-1.4108e+08,4.4966e+07,2833.9
-1.4189e+08,4.2499e+07,2987.3
-1.4265e+08,4.002e+07,3118
-1.4336e+08,3.7528e+07,3229.2
-1.4404e+08,3.5025e+07,3324.8
-1.4467e+08,3.2511e+07,3409.9
-1.4526e+08,2.9987e+07,3489.4
-1.458e+08,2.7453e+07,3568.2
-1.463e+08,2.4911e+07,3651.1
-1.4675e+08,2.2361e+07,3742.2
-1.4716e+08,1.9804e+07,3845.3
-1.4753e+08,1.724e+07,3963.1
-1.4785e+08,1.4672e+07,4098.1
-1.4813e+08,1.2099e+07,4251.8
-1.4836e+08,9.5225e+06,4424.7
-1.4855e+08,6.9431e+06,4616.9
-1.4869e+08,4.3616e+06,4827.5
-1.4878e+08,1.7789e+06,5055
-1.4884e+08,-8.0414e+05,5297
-1.4884e+08,-3.3868e+06,5550.6
-1.4881e+08,-5.9683e+06,5812.1
-1.4872e+08,-8.5478e+06,6077.2
-1.486e+08,-1.1125e+07,6341.2
-1.4843e+08,-1.3698e+07,6598.9
-1.4821e+08,-1.6267e+07,6844.7
-1.4795e+08,-1.8831e+07,7073.6
-1.4765e+08,-2.1389e+07,7281.2
-1.4731e+08,-2.3941e+07,7464.4
-1.4692e+08,-2.6486e+07,7621.9
-1.4648e+08,-2.9023e+07,7754.5
-1.4601e+08,-3.1552e+07,7865
-1.4549e+08,-3.4072e+07,7957.4
-1.4493e+08,-3.6582e+07,8036.8
-1.4432e+08,-3.9081e+07,8108.7
-1.4367e+08,-4.157e+07,8178.4
-1.4298e+08,-4.4046e+07,8250.8
-1.4225e+08,-4.6509e+07,8330.1
-1.4147e+08,-4.8959e+07,8420
-1.4066e+08,-5.1395e+07,8523.6
-1.398e+08,-5.3815e+07,8642.9
-1.389e+08,-5.622e+07,8779.5
-1.3796e+08,-5.8609e+07,8934.1
-1.3697e+08,-6.098e+07,9106.7
-1.3595e+08,-6.3333e+07,9296.3
-1.3489e+08,-6.5668e+07,9501.5
-1.3379e+08,-6.7983e+07,9719.9
-1.3265e+08,-7.0278e+07,9948.5
-1.3146e+08,-7.2553e+07,10184
-1.3025e+08,-7.4806e+07,10421
-1.2899e+08,-7.7037e+07,10657
-1.2769e+08,-7.9245e+07,10885
-1.2636e+08,-8.143e+07,11102
-1.2499e+08,-8.3592e+07,11301
-1.2359e+08,-8.5729e+07,11479
-1.2215e+08,-8.7841e+07,11632
-1.2068e+08,-8.9927e+07,11759
-1.1917e+08,-9.1987e+07,11859
-1.1762e+08,-9.4021e+07,11934
-1.1604e+08,-9.6028e+07,11988
-1.1443e+08,-9.8008e+07,12027
-1.1279e+08,-9.9959e+07,12055
-1.1111e+08,-1.0188e+08,12079
-1.094e+08,-1.0378e+08,12104
-1.0766e+08,-1.0564e+08,12134
-1.0588e+08,-1.0747e+08,12175
-1.0408e+08,-1.0928e+08,12228
-1.0225e+08,-1.1105e+08,12297
-1.0038e+08,-1.1279e+08,12382
-9.8489e+07,-1.1449e+08,12485
-9.6568e+07,-1.1617e+08,12605
-9.4619e+07,-1.1781e+08,12742
-9.2642e+07,-1.1942e+08,12895
-9.0639e+07,-1.2099e+08,13060
-8.8609e+07,-1.2253e+08,13235
-8.6554e+07,-1.2403e+08,13416
-8.4474e+07,-1.255e+08,13599
-8.237e+07,-1.2693e+08,13780
-8.0242e+07,-1.2832e+08,13953
-7.8092e+07,-1.2968e+08,14114
-7.5919e+07,-1.31e+08,14257
-7.3725e+07,-1.3228e+08,14379
-7.151e+07,-1.3353e+08,14477
-6.9275e+07,-1.3473e+08,14547
-6.702e+07,-1.359e+08,14590
-6.4746e+07,-1.3703e+08,14607
-6.2454e+07,-1.3812e+08,14600
-6.0145e+07,-1.3917e+08,14574
-5.7818e+07,-1.4019e+08,14536
-5.5475e+07,-1.4116e+08,14490
-5.3117e+07,-1.4209e+08,14443
-5.0742e+07,-1.4299e+08,14400
-4.8354e+07,-1.4384e+08,14365
-4.5951e+07,-1.4465e+08,14343
-4.3535e+07,-1.4542e+08,14336
-4.1107e+07,-1.4615e+08,14346
-3.8666e+07,-1.4684e+08,14373
-3.6215e+07,-1.4749e+08,14418
-3.3753e+07,-1.4809e+08,14480
-3.1281e+07,-1.4866e+08,14558
-2.88e+07,-1.4918e+08,14649
-2.6311e+07,-1.4966e+08,14751
-2.3814e+07,-1.5009e+08,14859
-2.131e+07,-1.5049e+08,14971
-1.88e+07,-1.5084e+08,15081
-1.6285e+07,-1.5115e+08,15183
-1.3766e+07,-1.5141e+08,15274
-1.1243e+07,-1.5164e+08,15348
-8.7162e+06,-1.5182e+08,15401
-6.1876e+06,-1.5195e+08,15429
-3.6575e+06,-1.5205e+08,15431
-1.1266e+06,-1.521e+08,15405
1.4044e+06,-1.521e+08,15352
3.9348e+06,-1.5207e+08,15276
6.464e+06,-1.5199e+08,15178
8.9913e+06,-1.5187e+08,15065
1.1516e+07,-1.5171e+08,14943
1.4038e+07,-1.5151e+08,14817
1.6555e+07,-1.5126e+08,14693
1.9069e+07,-1.5097e+08,14576
2.1577e+07,-1.5064e+08,14471
2.4079e+07,-1.5026e+08,14380
2.6575e+07,-1.4985e+08,14306
2.9063e+07,-1.4939e+08,14249
3.1544e+07,-1.4889e+08,14211
3.4016e+07,-1.4835e+08,14190
3.6478e+07,-1.4776e+08,14185
3.8931e+07,-1.4714e+08,14195
4.1373e+07,-1.4647e+08,14217
4.3803e+07,-1.4576e+08,14247
4.6221e+07,-1.4501e+08,14282
4.8626e+07,-1.4422e+08,14317
5.1017e+07,-1.4339e+08,14346
5.3394e+07,-1.4251e+08,14365
5.5756e+07,-1.416e+08,14369
5.8102e+07,-1.4065e+08,14353
6.0431e+07,-1.3966e+08,14314
6.2743e+07,-1.3862e+08,14248
6.5038e+07,-1.3755e+08,14155
6.7313e+07,-1.3644e+08,14037
6.957e+07,-1.3529e+08,13894
7.1807e+07,-1.3411e+08,13730
7.4023e+07,-1.3288e+08,13550
7.6218e+07,-1.3162e+08,13360
7.8392e+07,-1.3033e+08,13164
8.0544e+07,-1.2899e+08,12969
8.2674e+07,-1.2762e+08,12780
8.478e+07,-1.2622e+08,12602
8.6862e+07,-1.2477e+08,12437
8.8921e+07,-1.233e+08,12288
9.0954e+07,-1.2178e+08,12157
9.2962e+07,-1.2024e+08,12045
9.4944e+07,-1.1866e+08,11950
9.6899e+07,-1.1704e+08,11873
9.8827e+07,-1.154e+08,11812
1.0073e+08,-1.1372e+08,11763
1.026e+08,-1.12e+08,11725
1.0444e+08,-1.1026e+08,11692
1.0625e+08,-1.0848e+08,11662
1.0804e+08,-1.0668e+08,11629
1.0979e+08,-1.0484e+08,11589
1.1151e+08,-1.0297e+08,11535
1.132e+08,-1.0108e+08,11464
1.1486e+08,-9.9151e+07,11370
1.1648e+08,-9.7197e+07,11252
1.1807e+08,-9.5216e+07,11109
1.1963e+08,-9.3208e+07,10939
1.2115e+08,-9.1173e+07,10746
1.2264e+08,-8.9112e+07,10533
1.2409e+08,-8.7026e+07,10305
1.2551e+08,-8.4916e+07,10066
1.2689e+08,-8.2782e+07,9822.3
1.2824e+08,-8.0624e+07,9579
1.2955e+08,-7.8443e+07,9341.2
1.3082e+08,-7.6241e+07,9113.4
1.3205e+08,-7.4016e+07,8899.2
1.3325e+08,-7.1771e+07,8701.3
1.3441e+08,-6.9505e+07,8521.5
1.3553e+08,-6.7219e+07,8360.6
1.3661e+08,-6.4914e+07,8218.6
1.3766e+08,-6.259e+07,8094.5
1.3866e+08,-6.0248e+07,7986.7
1.3963e+08,-5.7889e+07,7893
1.4055e+08,-5.5513e+07,7810.7
1.4143e+08,-5.312e+07,7736.1
1.4228e+08,-5.0712e+07,7665.5
1.4308e+08,-4.829e+07,7594.5
1.4384e+08,-4.5853e+07,7518.2
1.4456e+08,-4.3402e+07,7431.8
1.4524e+08,-4.0939e+07,7330.3
1.4588e+08,-3.8464e+07,7209.4
1.4647e+08,-3.5978e+07,7065.7
1.4702e+08,-3.3481e+07,6897.5
1.4753e+08,-3.0975e+07,6704.6
1.4799e+08,-2.846e+07,6488.8
1.4841e+08,-2.5936e+07,6253.6
1.4879e+08,-2.3406e+07,6003.5
1.4913e+08,-2.0868e+07,5743.9
1.4942e+08,-1.8326e+07,5480.4
1.4967e+08,-1.5777e+07,5218.5
1.4987e+08,-1.3225e+07,4963
1.5003e+08,-1.0669e+07,4718.3
1.5015e+08,-8.11e+06,4488.1
1.5022e+08,-5.5487e+06,4275.1
1.5025e+08,-2.986e+06,4080.9
1.5024e+08,-4.2236e+05,3906.6
1.5018e+08,2.1414e+06,3752.2
1.5008e+08,4.7045e+06,3616.9
1.4994e+08,7.2664e+06,3499
1.4975e+08,9.8263e+06,3396.5
1.4952e+08,1.2383e+07,3306.5
1.4924e+08,1.4937e+07,3225.8
1.4892e+08,1.7487e+07,3150.4
1.4856e+08,2.0031e+07,3076.4
1.4815e+08,2.257e+07,2999.1
1.477e+08,2.5103e+07,2914.1
1.472e+08,2.7628e+07,2816.6
1.4667e+08,3.0145e+07,2702.4
1.4608e+08,3.2654e+07,2567.6
1.4546e+08,3.5153e+07,2410
1.4479e+08,3.7641e+07,2228.8
1.4408e+08,4.0118e+07,2024.9
1.4332e+08,4.2583e+07,1801.5
1.4252e+08,4.5036e+07,1563.3
1.4168e+08,4.7474e+07,1315.7
1.408e+08,4.9899e+07,1065
1.3987e+08,5.2308e+07,816.88
1.3891e+08,5.4701e+07,576.68
1.379e+08,5.7078e+07,348.9
1.3685e+08,5.9437e+07,137.16
1.3576e+08,6.1779e+07,-55.85
1.3463e+08,6.4102e+07,-228.36
1.3346e+08,6.6406e+07,-379.48
1.3225e+08,6.869e+07,-509.17
1.3101e+08,7.0953e+07,-618.2
1.2972e+08,7.3195e+07,-708.11
1.2839e+08,7.5416e+07,-781.11
1.2703e+08,7.7613e+07,-840.02
1.2562e+08,7.9788e+07,-888.22
1.2418e+08,8.1939e+07,-929.49
1.227e+08,8.4065e+07,-967.94
1.2119e+08,8.6166e+07,-1007.9
1.1964e+08,8.8242e+07,-1053.9
1.1805e+08,9.0291e+07,-1110.4
1.1642e+08,9.2312e+07,-1181.4
1.1477e+08,9.4306e+07,-1270.7
1.1307e+08,9.6272e+07,-1381
1.1134e+08,9.8208e+07,-1513.7
1.0958e+08,1.0012e+08,-1668.7
1.0778e+08,1.0199e+08,-1843.7
1.0595e+08,1.0384e+08,-2034.7
1.0409e+08,1.0565e+08,-2236
1.022e+08,1.0743e+08,-2441.5
1.0027e+08,1.0918e+08,-2644.5
9.832e+07,1.1089e+08,-2839.2
9.6335e+07,1.1257e+08,-3020.4
9.4321e+07,1.1422e+08,-3184.1
9.2279e+07,1.1583e+08,-3327.4
9.0208e+07,1.174e+08,-3448.5
8.8111e+07,1.1894e+08,-3546.4
8.5986e+07,1.2045e+08,-3621.2
8.3836e+07,1.2191e+08,-3673.5
8.166e+07,1.2334e+08,-3705
7.9459e+07,1.2473e+08,-3717.7
7.7234e+07,1.2608e+08,-3714.6
7.4985e+07,1.274e+08,-3698.9
7.2714e+07,1.2867e+08,-3674.7
7.042e+07,1.2991e+08,-3646.1
6.8105e+07,1.3111e+08,-3617.5
6.5768e+07,1.3226e+08,-3593.5
6.3412e+07,1.3338e+08,-3578.4
6.1036e+07,1.3445e+08,-3576.3
5.864e+07,1.3549e+08,-3590.9
5.6227e+07,1.3648e+08,-3624.9
5.3796e+07,1.3743e+08,-3680.1
5.1348e+07,1.3834e+08,-3756.7
4.8884e+07,1.392e+08,-3853.5
4.6404e+07,1.4003e+08,-3967.4
4.391e+07,1.408e+08,-4093.6
4.1403e+07,1.4154e+08,-4226.3
3.8883e+07,1.4223e+08,-4358.6
3.635e+07,1.4287e+08,-4484.1
3.3807e+07,1.4348e+08,-4596.9
3.1253e+07,1.4403e+08,-4692.3
2.869e+07,1.4455e+08,-4766.7
2.6118e+07,1.4501e+08,-4817.9
2.3538e+07,1.4544e+08,-4844.9
2.0951e+07,1.4581e+08,-4847.3
1.8358e+07,1.4614e+08,-4826.1
1.576e+07,1.4643e+08,-4782.5
1.3157e+07,1.4667e+08,-4718.9
1.055e+07,1.4687e+08,-4637.9
7.9394e+06,1.4702e+08,-4542.8
5.3269e+06,1.4712e+08,-4437.5
2.7128e+06,1.4718e+08,-4326.3
97906,1.472e+08,-4213.6
-2.5171e+06,1.4717e+08,-4104.1
-5.1313e+06,1.4709e+08,-4002.3
-7.7441e+06,1.4697e+08,-3912.5
-1.0355e+07,1.468e+08,-3838.3
-1.2962e+07,1.4659e+08,-3782.5
-1.5566e+07,1.4633e+08,-3747
-1.8165e+07,1.4602e+08,-3732.3
-2.0759e+07,1.4567e+08,-3737.4
-2.3346e+07,1.4528e+08,-3760.1
-2.5926e+07,1.4484e+08,-3796.3
-2.8499e+07,1.4435e+08,-3840.9
-3.1062e+07,1.4382e+08,-3887.9
-3.3616e+07,1.4324e+08,-3930.9
-3.6159e+07,1.4262e+08,-3963.7
-3.8691e+07,1.4196e+08,-3981
-4.1211e+07,1.4125e+08,-3978.5
-4.3718e+07,1.4049e+08,-3953.5
-4.6211e+07,1.3969e+08,-3904.2
-4.8689e+07,1.3885e+08,-3830.2
-5.1152e+07,1.3797e+08,-3732.1
-5.3598e+07,1.3704e+08,-3611.3
-5.6028e+07,1.3607e+08,-3469.8
-5.844e+07,1.3506e+08,-3310.3
-6.0834e+07,1.34e+08,-3136.1
-6.3208e+07,1.3291e+08,-2950.7
-6.5563e+07,1.3177e+08,-2758.3
-6.7898e+07,1.3059e+08,-2563.4
-7.0211e+07,1.2938e+08,-2370.5
-7.2503e+07,1.2812e+08,-2184.5
-7.4772e+07,1.2682e+08,-2009.6
-7.7019e+07,1.2549e+08,-1849.9
-7.9241e+07,1.2411e+08,-1708.4
-8.1439e+07,1.227e+08,-1587.1
-8.3613e+07,1.2125e+08,-1486.6
-8.576e+07,1.1976e+08,-1406.2
-8.7881e+07,1.1823e+08,-1343.8
-8.9975e+07,1.1667e+08,-1295.7
-9.2041e+07,1.1507e+08,-1257.4
-9.4079e+07,1.1343e+08,-1223.5
-9.6088e+07,1.1176e+08,-1188.1
-9.8067e+07,1.1005e+08,-1145.3
-1.0002e+08,1.0831e+08,-1090
-1.0193e+08,1.0654e+08,-1017.6
-1.0382e+08,1.0473e+08,-924.77
-1.0567e+08,1.0289e+08,-809.51
-1.0749e+08,1.0102e+08,-670.94
-1.0928e+08,9.9122e+07,-509.34
-1.1103e+08,9.7189e+07,-325.92
-1.1275e+08,9.5226e+07,-122.65
-1.1444e+08,9.3235e+07,97.847
-1.1608e+08,9.1214e+07,332.47
-1.177e+08,8.9166e+07,577.65
-1.1927e+08,8.7091e+07,829.48
-1.2081e+08,8.4989e+07,1083.7
-1.2231e+08,8.2861e+07,1335.8
-1.2378e+08,8.0708e+07,1581.3
-1.2521e+08,7.8531e+07,1815.6
-1.2659e+08,7.6329e+07,2034.6
-1.2794e+08,7.4105e+07,2235
-1.2925e+08,7.1857e+07,2414.2
-1.3053e+08,6.9588e+07,2571.5
-1.3176e+08,6.7298e+07,2707.4
-1.3295e+08,6.4986e+07,2823.9
-1.341e+08,6.2655e+07,2924.6
-1.3521e+08,6.0305e+07,3014.2
-1.3628e+08,5.7936e+07,3097.8
-1.3731e+08,5.5549e+07,3181.2
-1.383e+08,5.3145e+07,3269.8
-1.3924e+08,5.0724e+07,3368.8
-1.4014e+08,4.8288e+07,3482.3
-1.41e+08,4.5837e+07,3613.9
-1.4182e+08,4.3372e+07,3765.6
-1.4259e+08,4.0893e+07,3938.7
-1.4332e+08,3.8403e+07,4133
-1.44e+08,3.59e+07,4347.7
-1.4464e+08,3.3387e+07,4580.8
-1.4524e+08,3.0864e+07,4829.8
-1.4579e+08,2.8332e+07,5091.6
-1.463e+08,2.5791e+07,5362.7
-1.4677e+08,2.3243e+07,5639.2
-1.4719e+08,2.0688e+07,5917.2
-1.4756e+08,1.8127e+07,6192.2
-1.4789e+08,1.5561e+07,6459.9
-1.4818e+08,1.2991e+07,6716
-1.4842e+08,1.0417e+07,6956.3
-1.4862e+08,7.8394e+06,7177.3
-1.4878e+08,5.26e+06,7376.1
-1.4888e+08,2.6791e+06,7551.4
-1.4895e+08,97400,7703.1
-1.4897e+08,-2.4844e+06,7833.2
-1.4895e+08,-5.0655e+06,7945.2
-1.4888e+08,-7.6453e+06,8043.7
-1.4877e+08,-1.0223e+07,8134.5
-1.4861e+08,-1.2798e+07,8223.3
-1.4841e+08,-1.5369e+07,8315.9
-1.4816e+08,-1.7936e+07,8417.4
-1.4787e+08,-2.0498e+07,8532.1
-1.4754e+08,-2.3054e+07,8663.2
-1.4716e+08,-2.5603e+07,8812.9
-1.4674e+08,-2.8145e+07,8982.4
-1.4627e+08,-3.0678e+07,9171.9
-1.4576e+08,-3.3202e+07,9380.2
-1.4521e+08,-3.5717e+07,9605.9
-1.4462e+08,-3.822e+07,9846.3
-1.4398e+08,-4.0712e+07,10098
-1.433e+08,-4.3192e+07,10359
-1.4257e+08,-4.5659e+07,10623
-1.4181e+08,-4.8112e+07,10888
-1.41e+08,-5.0551e+07,11149
-1.4015e+08,-5.2975e+07,11402
-1.3926e+08,-5.5382e+07,11642
-1.3833e+08,-5.7774e+07,11866
-1.3736e+08,-6.0148e+07,12070
-1.3635e+08,-6.2504e+07,12251
-1.3529e+08,-6.4842e+07,12407
-1.342e+08,-6.7161e+07,12538
-1.3307e+08,-6.946e+07,12645
-1.319e+08,-7.1739e+07,12730
-1.307e+08,-7.3997e+07,12799
-1.2945e+08,-7.6234e+07,12856
-1.2817e+08,-7.8449e+07,12910
-1.2685e+08,-8.0641e+07,12965
-1.2549e+08,-8.281e+07,13028
-1.241e+08,-8.4955e+07,13103
-1.2267e+08,-8.7075e+07,13193
-1.212e+08,-8.9171e+07,13302
-1.197e+08,-9.124e+07,13430
-1.1817e+08,-9.3283e+07,13577
-1.166e+08,-9.5299e+07,13742
-1.1499e+08,-9.7287e+07,13924
-1.1335e+08,-9.9247e+07,14121
-1.1168e+08,-1.0118e+08,14328
-1.0998e+08,-1.0308e+08,14544
-1.0824e+08,-1.0495e+08,14763
-1.0648e+08,-1.0679e+08,14982
-1.0468e+08,-1.086e+08,15197
-1.0285e+08,-1.1038e+08,15403
-1.01e+08,-1.1213e+08,15596
-9.9111e+07,-1.1384e+08,15773
-9.7197e+07,-1.1552e+08,15929
-9.5255e+07,-1.1717e+08,16062
-9.3286e+07,-1.1879e+08,16170
-9.129e+07,-1.2037e+08,16251
-8.9268e+07,-1.2191e+08,16307
-8.7221e+07,-1.2342e+08,16338
-8.515e+07,-1.249e+08,16350
-8.3054e+07,-1.2634e+08,16347
-8.0935e+07,-1.2774e+08,16336
-7.8792e+07,-1.2911e+08,16324
-7.6627e+07,-1.3044e+08,16317
-7.444e+07,-1.3173e+08,16322
-7.2232e+07,-1.3299e+08,16341
-7.0002e+07,-1.3421e+08,16378
-6.7753e+07,-1.3539e+08,16434
-6.5484e+07,-1.3653e+08,16509
-6.3196e+07,-1.3763e+08,16603
-6.089e+07,-1.387e+08,16714
-5.8567e+07,-1.3972e+08,16839
-5.6226e+07,-1.4071e+08,16976
-5.387e+07,-1.4165e+08,17121
-5.1498e+07,-1.4255e+08,17271
-4.9111e+07,-1.4342e+08,17420
-4.6711e+07,-1.4424e+08,17566
-4.4297e+07,-1.4502e+08,17703
-4.1871e+07,-1.4576e+08,17828
-3.9433e+07,-1.4646e+08,17936
-3.6984e+07,-1.4711e+08,18024
-3.4524e+07,-1.4773e+08,18090
-3.2055e+07,-1.483e+08,18130
-2.9577e+07,-1.4883e+08,18145
-2.7092e+07,-1.4932e+08,18133
-2.4598e+07,-1.4977e+08,18096
-2.2098e+07,-1.5017e+08,18038
-1.9592e+07,-1.5053e+08,17962
-1.7081e+07,-1.5085e+08,17875
-1.4565e+07,-1.5113e+08,17784
-1.2044e+07,-1.5136e+08,17695
-9.5207e+06,-1.5155e+08,17614
-6.9942e+06,-1.517e+08,17548
-4.4656e+06,-1.5181e+08,17498
-1.9355e+06,-1.5187e+08,17468
5.9542e+05,-1.519e+08,17457
3.1264e+06,-1.5187e+08,17466
5.6566e+06,-1.5181e+08,17492
8.1856e+06,-1.517e+08,17533
1.0712e+07,-1.5155e+08,17587
1.3236e+07,-1.5136e+08,17650
1.5757e+07,-1.5112e+08,17718
1.8273e+07,-1.5085e+08,17787
2.0784e+07,-1.5052e+08,17853
2.3289e+07,-1.5016e+08,17912
2.5787e+07,-1.4975e+08,17960
2.8278e+07,-1.493e+08,17992
3.0761e+07,-1.4881e+08,18006
3.3235e+07,-1.4828e+08,17997
3.57e+07,-1.4771e+08,17965
3.8154e+07,-1.4709e+08,17907
4.0597e+07,-1.4643e+08,17824
4.3029e+07,-1.4573e+08,17716
4.5448e+07,-1.4499e+08,17587
4.7854e+07,-1.4421e+08,17440
5.0247e+07,-1.4339e+08,17280
5.2625e+07,-1.4252e+08,17114
5.4989e+07,-1.4162e+08,16947
5.7337e+07,-1.4068e+08,16787
5.9668e+07,-1.397e+08,16639
6.1984e+07,-1.3868e+08,16506
6.4281e+07,-1.3762e+08,16393
6.6561e+07,-1.3652e+08,16299
6.8823e+07,-1.3539e+08,16226
7.1065e+07,-1.3421e+08,16171
7.3288e+07,-1.33e+08,16132
7.549e+07,-1.3175e+08,16107
7.7671e+07,-1.3046e+08,16093
7.983e+07,-1.2914e+08,16084
8.1966e+07,-1.2778e+08,16078
8.408e+07,-1.2638e+08,16071
8.617e+07,-1.2495e+08,16058
8.8235e+07,-1.2348e+08,16035
9.0276e+07,-1.2197e+08,15999
9.229e+07,-1.2044e+08,15945
9.4279e+07,-1.1886e+08,15871
9.624e+07,-1.1725e+08,15773
9.8174e+07,-1.1561e+08,15652
1.0008e+08,-1.1394e+08,15507
1.0196e+08,-1.1224e+08,15339
1.0381e+08,-1.105e+08,15150
1.0562e+08,-1.0873e+08,14943
1.0741e+08,-1.0693e+08,14725
1.0917e+08,-1.051e+08,14500
1.109e+08,-1.0324e+08,14274
1.1259e+08,-1.0136e+08,14053
1.1426e+08,-9.944e+07,13843
1.1589e+08,-9.7495e+07,13648
1.1749e+08,-9.5523e+07,13472
1.1905e+08,-9.3524e+07,13316
1.2058e+08,-9.1498e+07,13181
1.2208e+08,-8.9446e+07,13065
1.2354e+08,-8.7369e+07,12967
1.2497e+08,-8.5266e+07,12884
1.2636e+08,-8.3139e+07,12813
1.2772e+08,-8.0988e+07,12749
1.2904e+08,-7.8814e+07,12690
1.3032e+08,-7.6617e+07,12630
1.3157e+08,-7.4398e+07,12567
1.3277e+08,-7.2157e+07,12495
1.3394e+08,-6.9895e+07,12412
1.3508e+08,-6.7613e+07,12313
1.3617e+08,-6.5311e+07,12195
1.3722e+08,-6.2991e+07,12056
1.3823e+08,-6.0652e+07,11894
1.3921e+08,-5.8296e+07,11710
1.4014e+08,-5.5922e+07,11503
1.4103e+08,-5.3533e+07,11276
1.4189e+08,-5.1129e+07,11034
1.427e+08,-4.871e+07,10781
1.4347e+08,-4.6277e+07,10521
1.4419e+08,-4.3831e+07,10262
1.4488e+08,-4.1372e+07,10009
1.4552e+08,-3.8902e+07,9766.9
1.4613e+08,-3.642e+07,9540.4
1.4669e+08,-3.3929e+07,9332.8
1.4721e+08,-3.1427e+07,9146.2
1.4768e+08,-2.8917e+07,8981.2
1.4811e+08,-2.6398e+07,8837.2
1.485e+08,-2.3871e+07,8712.5
1.4885e+08,-2.1337e+07,8604.5
1.4915e+08,-1.8797e+07,8509.9
1.4942e+08,-1.6251e+07,8425
1.4963e+08,-1.3701e+07,8345.9
1.4981e+08,-1.1146e+07,8268.5
1.4994e+08,-8.5874e+06,8188.8
1.5002e+08,-6.0261e+06,8102.7
1.5007e+08,-3.4629e+06,8006.5
1.5006e+08,-8.9832e+05,7896.5
1.5002e+08,1.6667e+06,7769.5
1.4993e+08,4.2315e+06,7623
1.4979e+08,6.7952e+06,7455.1
1.4962e+08,9.357e+06,7265.1
1.4939e+08,1.1916e+07,7053.8
1.4913e+08,1.4472e+07,6823.4
1.4882e+08,1.7023e+07,6577.5
1.4846e+08,1.9569e+07,6320.9
1.4806e+08,2.2109e+07,6059.4
1.4762e+08,2.4643e+07,5799.2
1.4713e+08,2.7169e+07,5546.2
1.4661e+08,2.9687e+07,5305.7
1.4603e+08,3.2195e+07,5082.1
1.4542e+08,3.4694e+07,4878.9
1.4476e+08,3.7183e+07,4698
1.4406e+08,3.9661e+07,4540.3
1.4331e+08,4.2127e+07,4405.3
1.4253e+08,4.458e+07,4291.4
1.417e+08,4.702e+07,4196.3
1.4083e+08,4.9446e+07,4116.8
1.3991e+08,5.1858e+07,4049.1
1.3896e+08,5.4255e+07,3989.3
1.3796e+08,5.6636e+07,3933.1
1.3693e+08,5.9e+07,3876.5
1.3585e+08,6.1346e+07,3815.5
1.3473e+08,6.3675e+07,3746.1
1.3357e+08,6.5985e+07,3664.8
1.3237e+08,6.8275e+07,3568.4
1.3114e+08,7.0545e+07,3454.1
1.2986e+08,7.2794e+07,3320
1.2854e+08,7.5021e+07,3165
1.2718e+08,7.7226e+07,2989.1
1.2579e+08,7.9408e+07,2794
1.2436e+08,8.1566e+07,2582.9
1.2289e+08,8.3699e+07,2360.4
1.2138e+08,8.5806e+07,2132.4
1.1983e+08,8.7888e+07,1905.5
1.1825e+08,8.9943e+07,1686.3
1.1663e+08,9.197e+07,1480.6
1.1498e+08,9.3969e+07,1293.4
1.133e+08,9.594e+07,1128.1
1.1157e+08,9.7882e+07,986.98
1.0982e+08,9.9793e+07,870.84
1.0803e+08,1.0167e+08,779.3
1.0621e+08,1.0353e+08,710.89
1.0436e+08,1.0534e+08,663.26
1.0248e+08,1.0713e+08,633.34
1.0056e+08,1.0889e+08,617.5
9.8616e+07,1.1061e+08,611.74
9.664e+07,1.123e+08,611.85
9.4635e+07,1.1395e+08,613.59
9.2602e+07,1.1557e+08,612.81
9.0539e+07,1.1716e+08,605.54
8.845e+07,1.1871e+08,588.17
8.6333e+07,1.2022e+08,557.44
8.4189e+07,1.217e+08,510.62
8.2019e+07,1.2314e+08,445.6
7.9824e+07,1.2454e+08,361.04
7.7604e+07,1.259e+08,256.6
7.5361e+07,1.2723e+08,133.15
7.3093e+07,1.2852e+08,-6.9919
7.0803e+07,1.2976e+08,-159.94
6.8491e+07,1.3097e+08,-320.33
6.6158e+07,1.3214e+08,-481.67
6.3804e+07,1.3326e+08,-636.98
6.1431e+07,1.3435e+08,-779.54
5.9038e+07,1.3539e+08,-903.63
5.6628e+07,1.3639e+08,-1004.9
5.42e+07,1.3735e+08,-1080.8
5.1756e+07,1.3826e+08,-1130.2
4.9296e+07,1.3914e+08,-1153.4
4.682e+07,1.3997e+08,-1151.8
4.4331e+07,1.4076e+08,-1127.9
4.1828e+07,1.415e+08,-1084.6
3.9312e+07,1.422e+08,-1025.5
3.6785e+07,1.4286e+08,-954.59
3.4246e+07,1.4347e+08,-876.05
3.1696e+07,1.4404e+08,-794.11
2.9137e+07,1.4456e+08,-713
2.6568e+07,1.4504e+08,-636.76
2.3991e+07,1.4548e+08,-569.11
2.1407e+07,1.4587e+08,-513.38
1.8816e+07,1.4621e+08,-472.35
1.6219e+07,1.4651e+08,-448.19
1.3616e+07,1.4677e+08,-442.29
1.1009e+07,1.4697e+08,-455.18
8.3983e+06,1.4714e+08,-486.36
5.7847e+06,1.4726e+08,-534.15
3.169e+06,1.4733e+08,-595.55
5.5201e+05,1.4735e+08,-666.17
-2.0653e+06,1.4733e+08,-740.36
-4.6822e+06,1.4727e+08,-811.57
-7.2977e+06,1.4716e+08,-872.93
-9.9109e+06,1.47e+08,-918.04
-1.2521e+07,1.468e+08,-941.65
-1.5127e+07,1.4655e+08,-940.19
-1.7728e+07,1.4625e+08,-911.87
-2.0324e+07,1.4591e+08,-856.6
-2.2913e+07,1.4552e+08,-775.7
-2.5494e+07,1.4509e+08,-671.53
-2.8068e+07,1.4462e+08,-547.23
-3.0632e+07,1.4409e+08,-406.41
-3.3187e+07,1.4353e+08,-253.03
-3.5732e+07,1.4292e+08,-91.227
-3.8265e+07,1.4226e+08,74.771
-4.0787e+07,1.4156e+08,240.79
-4.3296e+07,1.4082e+08,402.77
-4.5791e+07,1.4004e+08,556.95
-4.8272e+07,1.3921e+08,699.92
-5.0739e+07,1.3833e+08,828.83
-5.3189e+07,1.3742e+08,941.45
-5.5624e+07,1.3646e+08,1036.3
-5.8041e+07,1.3546e+08,1112.9
-6.0441e+07,1.3442e+08,1171.6
-6.2822e+07,1.3334e+08,1214
-6.5184e+07,1.3221e+08,1242.5
-6.7526e+07,1.3104e+08,1260.9
-6.9848e+07,1.2984e+08,1274.2
-7.2147e+07,1.2859e+08,1287.8
-7.4425e+07,1.273e+08,1308.2
-7.6679e+07,1.2597e+08,1341.6
-7.891e+07,1.2461e+08,1393.4
-8.1116e+07,1.232e+08,1468.2
-8.3296e+07,1.2176e+08,1568.4
-8.5451e+07,1.2027e+08,1694.9
-8.7579e+07,1.1875e+08,1847
-8.9679e+07,1.172e+08,2022.3
-9.1752e+07,1.1561e+08,2217.8
-9.3796e+07,1.1398e+08,2429.7
-9.5811e+07,1.1231e+08,2654
-9.7796e+07,1.1062e+08,2886.3
-9.9751e+07,1.0889e+08,3122.5
-1.0167e+08,1.0712e+08,3358.4
-1.0357e+08,1.0532e+08,3590
-1.0543e+08,1.0349e+08,3813.5
-1.0726e+08,1.0163e+08,4025.5
-1.0905e+08,9.9737e+07,4223.1
-1.1081e+08,9.7813e+07,4404
-1.1254e+08,9.586e+07,4566.6
-1.1423e+08,9.3877e+07,4710.3
-1.1589e+08,9.1865e+07,4835.6
-1.1752e+08,8.9825e+07,4943.9
-1.191e+08,8.7758e+07,5037.7
-1.2065e+08,8.5663e+07,5120.7
-1.2217e+08,8.3542e+07,5197.3
-1.2364e+08,8.1395e+07,5272.9
-1.2508e+08,7.9223e+07,5353.2
-1.2648e+08,7.7026e+07,5443.8
-1.2785e+08,7.4806e+07,5550.1
-1.2917e+08,7.2562e+07,5676.4
-1.3045e+08,7.0296e+07,5825.9
-1.3169e+08,6.8008e+07,6000.1
-1.329e+08,6.57e+07,6198.6
-1.3406e+08,6.3372e+07,6419.8
-1.3518e+08,6.1024e+07,6660.6
-1.3626e+08,5.8658e+07,6917.4
-1.3729e+08,5.6274e+07,7186
-1.3829e+08,5.3873e+07,7461.8
-1.3924e+08,5.1456e+07,7740.5
-1.4015e+08,4.9023e+07,8017.8
-1.4102e+08,4.6576e+07,8289.6
-1.4185e+08,4.4115e+07,8552.3
-1.4263e+08,4.1641e+07,8802.3
-1.4337e+08,3.9155e+07,9036.8
-1.4406e+08,3.6657e+07,9253.3
-1.4472e+08,3.4148e+07,9450.2
-1.4533e+08,3.1628e+07,9626.6
-1.4589e+08,2.91e+07,9782.8
-1.4641e+08,2.6563e+07,9920.3
-1.4689e+08,2.4017e+07,10041
-1.4732e+08,2.1465e+07,10150
-1.4771e+08,1.8905e+07,10251
-1.4806e+08,1.634e+07,10349
-1.4836e+08,1.377e+07,10451
-1.4861e+08,1.1196e+07,10561
-1.4883e+08,8.6175e+06,10684
-1.4899e+08,6.0366e+06,10826
-1.4911e+08,3.4538e+06,10989
-1.4919e+08,8.6979e+05,11175
-1.4922e+08,-1.7145e+06,11383
-1.4921e+08,-4.2983e+06,11614
-1.4915e+08,-6.8808e+06,11863
-1.4905e+08,-9.4611e+06,12128
-1.4891e+08,-1.2038e+07,12404
-1.4871e+08,-1.4612e+07,12687
-1.4848e+08,-1.7181e+07,12972
-1.482e+08,-1.9744e+07,13255
-1.4787e+08,-2.2302e+07,13531
-1.4751e+08,-2.4852e+07,13797
-1.4709e+08,-2.7395e+07,14049
-1.4664e+08,-2.9929e+07,14284
-1.4614e+08,-3.2455e+07,14499
-1.456e+08,-3.497e+07,14694
-1.4501e+08,-3.7475e+07,14866
-1.4439e+08,-3.9969e+07,15016
-1.4372e+08,-4.2451e+07,15144
-1.4301e+08,-4.492e+07,15254
-1.4225e+08,-4.7376e+07,15348
-1.4146e+08,-4.9818e+07,15432
-1.4062e+08,-5.2246e+07,15511
-1.3974e+08,-5.4658e+07,15590
-1.3883e+08,-5.7055e+07,15677
-1.3787e+08,-5.9435e+07,15776
-1.3687e+08,-6.1797e+07,15892
-1.3583e+08,-6.4142e+07,16027
-1.3475e+08,-6.6468e+07,16185
-1.3363e+08,-6.8775e+07,16364
-1.3247e+08,-7.1062e+07,16564
-1.3127e+08,-7.3328e+07,16782
-1.3003e+08,-7.5572e+07,17016
-1.2876e+08,-7.7794e+07,17261
-1.2745e+08,-7.9993e+07,17513
-1.261e+08,-8.2169e+07,17767
-1.2471e+08,-8.4321e+07,18018
-1.2329e+08,-8.6448e+07,18262
-1.2183e+08,-8.8549e+07,18496
-1.2034e+08,-9.0624e+07,18715
-1.1881e+08,-9.2673e+07,18916
-1.1725e+08,-9.4695e+07,19097
-1.1565e+08,-9.6689e+07,19255
-1.1402e+08,-9.8655e+07,19390
-1.1236e+08,-1.0059e+08,19501
-1.1067e+08,-1.025e+08,19589
-1.0894e+08,-1.0438e+08,19656
-1.0719e+08,-1.0623e+08,19705
-1.054e+08,-1.0804e+08,19739
-1.0358e+08,-1.0983e+08,19765
-1.0173e+08,-1.1159e+08,19789
-9.9857e+07,-1.1331e+08,19818
-9.7952e+07,-1.15e+08,19857
-9.6019e+07,-1.1666e+08,19911
-9.4058e+07,-1.1828e+08,19985
-9.207e+07,-1.1987e+08,20079
-9.0056e+07,-1.2143e+08,20195
-8.8015e+07,-1.2295e+08,20332
-8.5949e+07,-1.2444e+08,20486
-8.3859e+07,-1.2589e+08,20657
-8.1744e+07,-1.2731e+08,20838
-7.9606e+07,-1.2868e+08,21027
-7.7445e+07,-1.3002e+08,21218
-7.5262e+07,-1.3133e+08,21408
-7.3057e+07,-1.3259e+08,21591
-7.0831e+07,-1.3382e+08,21763
-6.8586e+07,-1.3501e+08,21920
-6.6321e+07,-1.3616e+08,22060
-6.4037e+07,-1.3728e+08,22180
-6.1735e+07,-1.3835e+08,22278
-5.9416e+07,-1.3938e+08,22351
-5.7081e+07,-1.4037e+08,22401
-5.4729e+07,-1.4133e+08,22427
-5.2362e+07,-1.4224e+08,22430
-4.9981e+07,-1.4311e+08,22413
-4.7586e+07,-1.4395e+08,22380
-4.5177e+07,-1.4474e+08,22335
-4.2756e+07,-1.4549e+08,22286
-4.0323e+07,-1.462e+08,22237
-3.7879e+07,-1.4686e+08,22196
-3.5424e+07,-1.4749e+08,22168
-3.2959e+07,-1.4808e+08,22159
-3.0485e+07,-1.4862e+08,22170
-2.8001e+07,-1.4912e+08,22202
-2.551e+07,-1.4958e+08,22256
-2.3011e+07,-1.5e+08,22328
-2.0506e+07,-1.5037e+08,22416
-1.7995e+07,-1.5071e+08,22516
-1.5478e+07,-1.51e+08,22624
-1.2957e+07,-1.5124e+08,22735
-1.0433e+07,-1.5145e+08,22844
-7.9052e+06,-1.5161e+08,22948
-5.3754e+06,-1.5172e+08,23043
-2.8442e+06,-1.518e+08,23123
-3.1222e+05,-1.5183e+08,23187
2.2196e+06,-1.5182e+08,23231
4.7507e+06,-1.5176e+08,23254
7.2801e+06,-1.5167e+08,23254
9.8073e+06,-1.5153e+08,23230
1.2331e+07,-1.5134e+08,23183
1.4852e+07,-1.5112e+08,23113
1.7367e+07,-1.5085e+08,23024
1.9878e+07,-1.5054e+08,22917
2.2383e+07,-1.5018e+08,22798
2.4881e+07,-1.4979e+08,22671
2.7372e+07,-1.4935e+08,22543
2.9855e+07,-1.4887e+08,22419
3.2329e+07,-1.4835e+08,22307
3.4795e+07,-1.4779e+08,22212
3.725e+07,-1.4718e+08,22136
3.9696e+07,-1.4654e+08,22082
4.213e+07,-1.4585e+08,22050
4.4553e+07,-1.4512e+08,22037
4.6963e+07,-1.4436e+08,22041
4.936e+07,-1.4355e+08,22058
5.1743e+07,-1.427e+08,22084
5.4112e+07,-1.4181e+08,22113
5.6466e+07,-1.4088e+08,22142
5.8804e+07,-1.3991e+08,22167
6.1125e+07,-1.389e+08,22182
6.3429e+07,-1.3785e+08,22185
6.5715e+07,-1.3676e+08,22173
6.7982e+07,-1.3563e+08,22142
7.023e+07,-1.3446e+08,22090
7.2458e+07,-1.3326e+08,22017
7.4665e+07,-1.3202e+08,21921
7.6851e+07,-1.3074e+08,21802
7.9015e+07,-1.2942e+08,21663
8.1156e+07,-1.2807e+08,21504
8.3274e+07,-1.2668e+08,21329
8.5368e+07,-1.2526e+08,21141
8.7438e+07,-1.238e+08,20946
8.9483e+07,-1.223e+08,20748
9.1502e+07,-1.2077e+08,20554
9.3495e+07,-1.1921e+08,20370
9.5462e+07,-1.1761e+08,20200
9.7402e+07,-1.1598e+08,20049
9.9314e+07,-1.1432e+08,19921
1.012e+08,-1.1263e+08,19814
1.0305e+08,-1.109e+08,19729
1.0488e+08,-1.0914e+08,19661
1.0668e+08,-1.0735e+08,19609
1.0845e+08,-1.0554e+08,19566
1.1018e+08,-1.0369e+08,19528
1.1189e+08,-1.0181e+08,19491
1.1356e+08,-9.9898e+07,19451
1.152e+08,-9.796e+07,19402
1.1681e+08,-9.5995e+07,19342
1.1839e+08,-9.4002e+07,19267
1.1993e+08,-9.1982e+07,19175
1.2143e+08,-8.9936e+07,19063
1.229e+08,-8.7864e+07,18930
1.2434e+08,-8.5766e+07,18776
1.2574e+08,-8.3644e+07,18601
1.2711e+08,-8.1498e+07,18405
1.2843e+08,-7.9329e+07,18192
1.2973e+08,-7.7137e+07,17963
1.3098e+08,-7.4923e+07,17723
1.322e+08,-7.2687e+07,17476
1.3337e+08,-7.0431e+07,17227
1.3451e+08,-6.8155e+07,16983
1.3561e+08,-6.5859e+07,16748
1.3667e+08,-6.3545e+07,16527
1.377e+08,-6.1213e+07,16326
1.3868e+08,-5.8864e+07,16146
1.3962e+08,-5.6497e+07,15990
1.4053e+08,-5.4115e+07,15857
1.4139e+08,-5.1717e+07,15744
1.4221e+08,-4.9303e+07,15648
1.4299e+08,-4.6876e+07,15564
1.4373e+08,-4.4435e+07,15488
1.4443e+08,-4.1981e+07,15415
1.4509e+08,-3.9514e+07,15340
1.457e+08,-3.7036e+07,15258
1.4628e+08,-3.4547e+07,15166
1.4681e+08,-3.2047e+07,15061
1.4729e+08,-2.9538e+07,14939
1.4774e+08,-2.702e+07,14799
1.4814e+08,-2.4494e+07,14640
1.485e+08,-2.1961e+07,14460
1.4881e+08,-1.9421e+07,14260
1.4908e+08,-1.6875e+07,14041
1.4931e+08,-1.4325e+07,13805
1.495e+08,-1.177e+07,13555
1.4964e+08,-9.2115e+06,13294
1.4973e+08,-6.6507e+06,13028
1.4978e+08,-4.0881e+06,12761
1.4979e+08,-1.5244e+06,12500
1.4975e+08,1.0395e+06,12249
1.4967e+08,3.6029e+06,12014
1.4955e+08,6.165e+06,11798
1.4938e+08,8.7251e+06,11606
1.4917e+08,1.1283e+07,11438
1.4891e+08,1.3837e+07,11295
1.4862e+08,1.6387e+07,11174
1.4827e+08,1.8932e+07,11074
1.4789e+08,2.1471e+07,10989
1.4746e+08,2.4005e+07,10915
1.4698e+08,2.6531e+07,10846
1.4647e+08,2.905e+07,10778
1.4591e+08,3.1561e+07,10706
1.453e+08,3.4063e+07,10625
1.4466e+08,3.6555e+07,10532
1.4397e+08,3.9036e+07,10425
1.4324e+08,4.1506e+07,10301
1.4246e+08,4.3964e+07,10159
1.4164e+08,4.6409e+07,9996.7
1.4078e+08,4.884e+07,9815.6
1.3988e+08,5.1257e+07,9615.8
1.3894e+08,5.3659e+07,9399.4
1.3795e+08,5.6045e+07,9168.9
1.3692e+08,5.8414e+07,8928.3
1.3585e+08,6.0765e+07,8682.3
1.3475e+08,6.3099e+07,8436.2
1.3359e+08,6.5413e+07,8195.9
1.324e+08,6.7707e+07,7967.1
1.3117e+08,6.9981e+07,7755.1
1.299e+08,7.2234e+07,7564.1
1.286e+08,7.4465e+07,7397.3
1.2725e+08,7.6673e+07,7256.6
1.2586e+08,7.8859e+07,7142
1.2444e+08,8.102e+07,7052.4
1.2298e+08,8.3157e+07,6985
1.2148e+08,8.5269e+07,6936
1.1995e+08,8.7355e+07,6900.8
1.1838e+08,8.9416e+07,6874.2
1.1677e+08,9.1449e+07,6851.2
1.1513e+08,9.3455e+07,6826.7
1.1345e+08,9.5433e+07,6796.4
1.1174e+08,9.7383e+07,6756.4
1.1e+08,9.9303e+07,6703.5
1.0822e+08,1.0119e+08,6635.3
1.0641e+08,1.0305e+08,6550
1.0457e+08,1.0488e+08,6446.7
1.0269e+08,1.0668e+08,6325
1.0078e+08,1.0844e+08,6185.5
9.8845e+07,1.1018e+08,6029.6
9.6876e+07,1.1187e+08,5859.5
9.4877e+07,1.1354e+08,5678.7
9.2849e+07,1.1517e+08,5491.6
9.0792e+07,1.1676e+08,5303.5
8.8707e+07,1.1832e+08,5120.4
8.6595e+07,1.1984e+08,4948.2
8.4456e+07,1.2133e+08,4792.9
8.2292e+07,1.2277e+08,4659.2
8.0102e+07,1.2418e+08,4550.7
7.7887e+07,1.2556e+08,4469.3
7.5649e+07,1.2689e+08,4415.5
7.3387e+07,1.2818e+08,4388
7.1103e+07,1.2944e+08,4384.3
6.8798e+07,1.3065e+08,4400.8
6.6471e+07,1.3183e+08,4433.2
6.4124e+07,1.3296e+08,4476.6
6.1757e+07,1.3406e+08,4526.1
5.9372e+07,1.3511e+08,4576.6
5.6968e+07,1.3612e+08,4623.7
5.4546e+07,1.3709e+08,4663.2
5.2107e+07,1.3802e+08,4691.8
4.9652e+07,1.389e+08,4706.7
4.7182e+07,1.3975e+08,4706
4.4697e+07,1.4054e+08,4688.5
4.2197e+07,1.413e+08,4653.8
3.9684e+07,1.4201e+08,4602.2
3.7159e+07,1.4268e+08,4534.7
3.4622e+07,1.4331e+08,4453.2
3.2073e+07,1.4389e+08,4360.7
2.9515e+07,1.4443e+08,4260.9
2.6947e+07,1.4492e+08,4158.6
2.437e+07,1.4536e+08,4059.1
2.1785e+07,1.4576e+08,3968.7
1.9194e+07,1.4612e+08,3893.4
1.6596e+07,1.4643e+08,3838.7
1.3993e+07,1.4669e+08,3808.8
1.1386e+07,1.4691e+08,3806.4
8.7754e+06,1.4708e+08,3832.2
6.1621e+06,1.4721e+08,3885.2
3.5471e+06,1.4729e+08,3962.9
9.3103e+05,1.4733e+08,4061.8
-1.6852e+06,1.4732e+08,4177.3
-4.3008e+06,1.4726e+08,4304.8
-6.9149e+06,1.4716e+08,4439.4
-9.527e+06,1.4701e+08,4576.2
-1.2136e+07,1.4682e+08,4710.8
-1.4741e+07,1.4658e+08,4839.1
-1.7342e+07,1.463e+08,4957.6
-1.9938e+07,1.4597e+08,5063.6
-2.2528e+07,1.456e+08,5154.9
